43164
1600
41548
16

164 161 54 81 

17
0 146 89 147 95 97 117 94 183 112 156 0 
0 27 167 69 132 176 1 101 70 162 31 190 127 52 0 
0 53 105 26 149 195 109 12 138 154 28 0 
0 58 152 180 21 72 74 133 22 171 73 40 0 
0 111 50 102 157 185 79 129 78 34 169 184 0 
0 137 2 178 115 57 144 172 42 142 14 192 100 13 0 
0 166 18 153 106 194 7 182 148 62 159 10 0 
0 76 196 116 77 3 158 68 80 150 177 0 
0 6 104 99 59 151 92 98 85 16 61 93 96 0 
0 121 29 24 163 134 130 165 55 25 170 67 39 187 139 0 
0 60 118 5 84 173 113 86 141 191 37 0 
0 189 108 90 181 32 131 160 128 188 103 51 0 
0 179 110 198 197 56 186 23 75 41 145 15 43 119 44 91 193 0 
0 33 120 9 135 35 136 65 71 66 20 122 0 
0 83 199 114 8 174 125 45 46 124 47 168 0 
0 82 48 123 19 107 175 11 64 126 63 30 0 
0 155 4 87 140 38 17 36 143 49 88 0 
