43272
1692
41548
32

65 161 

17
0 156 112 89 147 6 183 94 95 97 117 0 
0 27 146 167 69 132 176 1 101 162 31 190 127 52 0 
0 53 105 26 149 195 109 12 138 154 28 0 
0 58 152 40 180 21 73 72 74 171 22 133 0 
0 111 50 102 157 33 81 185 79 129 169 78 34 0 
0 13 137 2 178 115 57 144 87 172 42 142 14 119 0 
0 166 18 153 106 194 7 182 148 62 159 10 0 
0 76 196 116 77 3 158 68 80 150 177 54 0 
0 96 99 104 59 92 151 37 98 85 93 61 16 0 
0 184 121 29 24 163 134 130 165 55 25 170 39 187 139 0 
0 60 118 5 84 173 17 113 86 141 191 0 
0 88 189 108 90 32 131 160 128 20 188 103 0 
0 179 110 198 197 56 186 23 75 41 145 15 43 192 44 91 193 0 
0 70 30 122 51 9 120 164 135 35 136 71 0 
0 83 199 114 8 174 125 45 46 124 47 168 0 
0 82 48 123 19 107 175 11 126 63 181 64 0 
0 4 155 67 100 140 38 36 143 49 66 0 
