14664
1607
13040
17

17 50 81 161 53 110 

16
0 183 94 117 97 151 92 59 104 96 6 147 112 0 
0 27 132 69 101 162 31 88 168 36 124 7 190 127 167 146 0 
0 28 138 154 12 109 177 134 24 163 196 76 111 0 
0 40 198 72 74 133 22 171 73 21 58 152 0 
0 121 29 169 78 129 79 185 33 157 102 1 176 0 
0 2 115 178 57 144 87 100 192 14 142 42 172 137 13 156 0 
0 10 189 108 159 62 148 182 194 106 153 52 0 
0 95 99 93 37 98 193 91 85 61 173 84 5 89 0 
0 184 116 3 158 77 68 80 150 54 179 26 105 0 
0 166 60 118 83 199 125 45 174 8 114 18 0 
0 122 51 120 34 164 135 35 136 65 71 20 131 32 70 0 
0 195 130 165 55 25 139 187 39 23 186 56 75 41 145 0 
0 82 143 49 64 181 90 63 126 11 175 107 19 123 0 
0 16 141 191 44 119 140 38 43 197 4 155 180 0 
0 30 160 128 66 188 103 9 0 
0 149 170 67 15 86 113 46 47 48 0 
